geocodigo,var,kwh_total,n_uc_total,superficies_hidrica_ha,urban_area_ha,fires_ha,temp_urbana_c,pop,df_km2
1500107,kwh_total,1.0,0.5964776110338402,0.35921464778069917,-0.0854054282233421,-0.2408762702992275,0.7830333954881968,0.3910440714597073,0.6069456481645125
1500107,n_uc_total,0.5964776110338402,1.0,-0.13998195397345986,0.5079326856262973,-0.7002917119734346,0.16002150188624079,0.9288708206940266,0.5695003520964599
1500107,superficies_hidrica_ha,0.35921464778069917,-0.13998195397345986,1.0,-0.29253979009105785,0.1752313149876757,0.3609674566608271,-0.3511433423331018,0.023039877486114916
1500107,urban_area_ha,-0.0854054282233421,0.5079326856262973,-0.29253979009105785,1.0,-0.15078687453702086,-0.36791791371540067,0.44797486013623045,0.12291130826449559
1500107,fires_ha,-0.2408762702992275,-0.7002917119734346,0.1752313149876757,-0.15078687453702086,1.0,0.23553509433116762,-0.8542951593548189,0.04649849178622393
1500107,temp_urbana_c,0.7830333954881968,0.16002150188624079,0.3609674566608271,-0.36791791371540067,0.23553509433116762,1.0,-0.020465369712126803,0.6962698143075454
1500107,pop,0.3910440714597073,0.9288708206940266,-0.3511433423331018,0.44797486013623045,-0.8542951593548189,-0.020465369712126803,1.0,0.36975133251652686
1500107,df_km2,0.6069456481645125,0.5695003520964599,0.023039877486114916,0.12291130826449559,0.04649849178622393,0.6962698143075454,0.36975133251652686,1.0
1500131,kwh_total,1.0,0.8849497403618097,0.7195754636270575,-0.5041476130572771,-0.6007318523855649,-0.4446023287048794,0.9662856200594284,0.6746000241709246
1500131,n_uc_total,0.8849497403618097,1.0,0.7539388558888412,-0.42728369361559493,-0.3959712446917843,-0.5740543988785552,0.8817464747129856,0.5249609829300977
1500131,superficies_hidrica_ha,0.7195754636270575,0.7539388558888412,1.0,-0.23142314786979204,-0.27039836342145507,-0.3902971446403677,0.688325603104429,0.29234390584418346
1500131,urban_area_ha,-0.5041476130572771,-0.42728369361559493,-0.23142314786979204,1.0,0.9371460465267383,0.75133135957516,-0.32419668414064734,-0.271580475688527
1500131,fires_ha,-0.6007318523855649,-0.3959712446917843,-0.27039836342145507,0.9371460465267383,1.0,0.69905982207736,-0.41040786136453333,-0.4971733309303553
1500131,temp_urbana_c,-0.4446023287048794,-0.5740543988785552,-0.3902971446403677,0.75133135957516,0.69905982207736,1.0,-0.2697277726072766,-0.4472226054363903
1500131,pop,0.9662856200594284,0.8817464747129856,0.688325603104429,-0.32419668414064734,-0.41040786136453333,-0.2697277726072766,1.0,0.6435818564022288
1500131,df_km2,0.6746000241709246,0.5249609829300977,0.29234390584418346,-0.271580475688527,-0.4971733309303553,-0.4472226054363903,0.6435818564022288,1.0
1500206,kwh_total,1.0,0.4296454904419111,-0.6514211759399535,0.4468568992042114,-0.22185625371099926,0.6039144594318744,0.030681830100225557,0.43004114447776487
1500206,n_uc_total,0.4296454904419111,1.0,-0.16315460153884898,0.46546597707808135,-0.783081650448296,0.021102657031417178,0.7912504320920404,0.8505816592098898
1500206,superficies_hidrica_ha,-0.6514211759399535,-0.16315460153884898,1.0,-0.18338966154601852,0.21678973185155362,-0.14340230119709807,-0.26054500680391174,-0.13478082453414408
1500206,urban_area_ha,0.4468568992042114,0.46546597707808135,-0.18338966154601852,1.0,-0.7379255253451646,-0.012768364283188127,0.3673103879959048,0.44895558489405135
1500206,fires_ha,-0.22185625371099926,-0.783081650448296,0.21678973185155362,-0.7379255253451646,1.0,0.4361835459678407,-0.87575983774603,-0.6853523151530428
1500206,temp_urbana_c,0.6039144594318744,0.021102657031417178,-0.14340230119709807,-0.012768364283188127,0.4361835459678407,1.0,-0.48795513977429134,-0.01758880464172021
1500206,pop,0.030681830100225557,0.7912504320920404,-0.26054500680391174,0.3673103879959048,-0.87575983774603,-0.48795513977429134,1.0,0.6332597373942288
1500206,df_km2,0.43004114447776487,0.8505816592098898,-0.13478082453414408,0.44895558489405135,-0.6853523151530428,-0.01758880464172021,0.6332597373942288,1.0
1500305,kwh_total,1.0,-0.31774934953315764,-0.008458983788376602,0.013627264068067933,-0.2640688074277896,0.5878712415561602,-0.38132392178107655,-0.40145791307011897
1500305,n_uc_total,-0.31774934953315764,1.0,-0.7881607523169679,-0.37966103640881693,-0.1067993226654795,-0.3861695962851309,0.9660915544094747,-0.4475865168158778
1500305,superficies_hidrica_ha,-0.008458983788376602,-0.7881607523169679,1.0,0.40630792876166083,0.23039053243054633,0.439309619517216,-0.7598358844582924,0.3463211832311902
1500305,urban_area_ha,0.013627264068067933,-0.37966103640881693,0.40630792876166083,1.0,0.8305423739634561,0.41066656425242243,-0.3740942742059753,-0.3398130107212259
1500305,fires_ha,-0.2640688074277896,-0.1067993226654795,0.23039053243054633,0.8305423739634561,1.0,0.11278667831018811,-0.06648012821587122,-0.20897902300908144
1500305,temp_urbana_c,0.5878712415561602,-0.3861695962851309,0.439309619517216,0.41066656425242243,0.11278667831018811,1.0,-0.5645692532721207,-0.3753464169092948
1500305,pop,-0.38132392178107655,0.9660915544094747,-0.7598358844582924,-0.3740942742059753,-0.06648012821587122,-0.5645692532721207,1.0,-0.38685428875741606
1500305,df_km2,-0.40145791307011897,-0.4475865168158778,0.3463211832311902,-0.3398130107212259,-0.20897902300908144,-0.3753464169092948,-0.38685428875741606,1.0
1500347,kwh_total,1.0,0.9077071149109874,0.6307032373297847,-0.4780709999833804,-0.03251283548033627,0.5011914213128627,0.852875082973984,-0.3405337891220819
1500347,n_uc_total,0.9077071149109874,1.0,0.4594339308693464,-0.5307544644285678,-0.2487104625189233,0.23781822054031954,0.9576736313397802,-0.5339452938851119
1500347,superficies_hidrica_ha,0.6307032373297847,0.4594339308693464,1.0,-0.20938107306407538,-0.29499902099947417,0.42175455542984536,0.5528101193028249,-0.12851665354577155
1500347,urban_area_ha,-0.4780709999833804,-0.5307544644285678,-0.20938107306407538,1.0,0.1298990663258133,0.34662253073341,-0.3791857591909655,0.044267066801672514
1500347,fires_ha,-0.03251283548033627,-0.2487104625189233,-0.29499902099947417,0.1298990663258133,1.0,0.4820214690148638,-0.4615874900103929,0.05762844818334774
1500347,temp_urbana_c,0.5011914213128627,0.23781822054031954,0.42175455542984536,0.34662253073341,0.4820214690148638,1.0,0.22623814199560432,-0.33875952178335167
1500347,pop,0.852875082973984,0.9576736313397802,0.5528101193028249,-0.3791857591909655,-0.4615874900103929,0.22623814199560432,1.0,-0.5154629971488555
1500347,df_km2,-0.3405337891220819,-0.5339452938851119,-0.12851665354577155,0.044267066801672514,0.05762844818334774,-0.33875952178335167,-0.5154629971488555,1.0
1500404,kwh_total,1.0,0.5273434726314222,-0.36771376066689604,0.11217118475140128,-0.16783524642813472,-0.201766299370963,0.5371039115029896,0.3713124176395872
1500404,n_uc_total,0.5273434726314222,1.0,-0.02394515424424577,0.4801258534222735,0.19533033696444307,-0.6983098895904312,0.9799391255753963,0.7407168070815288
1500404,superficies_hidrica_ha,-0.36771376066689604,-0.02394515424424577,1.0,-0.6701058333614088,0.42678661908734605,-0.4805680353363614,-0.04870358391209584,-0.1662824681040949
1500404,urban_area_ha,0.11217118475140128,0.4801258534222735,-0.6701058333614088,1.0,0.0235864342974582,0.1367327330631177,0.44190334516625246,0.46785044515569424
1500404,fires_ha,-0.16783524642813472,0.19533033696444307,0.42678661908734605,0.0235864342974582,1.0,-0.17530826886016423,0.10019818616503988,-0.33979402005415854
1500404,temp_urbana_c,-0.201766299370963,-0.6983098895904312,-0.4805680353363614,0.1367327330631177,-0.17530826886016423,1.0,-0.7649173599474204,-0.371353217800638
1500404,pop,0.5371039115029896,0.9799391255753963,-0.04870358391209584,0.44190334516625246,0.10019818616503988,-0.7649173599474204,1.0,0.7012153238581468
1500404,df_km2,0.3713124176395872,0.7407168070815288,-0.1662824681040949,0.46785044515569424,-0.33979402005415854,-0.371353217800638,0.7012153238581468,1.0
1500503,kwh_total,1.0,0.9013938190399837,-0.9136293793922008,-0.467777232297892,0.3729215700718451,-0.7127058377788459,0.6976073986969795,0.617128715526677
1500503,n_uc_total,0.9013938190399837,1.0,-0.9618694992099908,-0.3151572219262565,0.12429055214524587,-0.41425833803814854,0.5802532043326759,0.35556123584141414
1500503,superficies_hidrica_ha,-0.9136293793922008,-0.9618694992099908,1.0,0.36373686630904073,-0.13061997076083498,0.4894661166442817,-0.5960411933904839,-0.28861167301495044
1500503,urban_area_ha,-0.467777232297892,-0.3151572219262565,0.36373686630904073,1.0,-0.08041815697440016,0.5272554064623343,-0.2999464825141267,-0.6426515830561732
1500503,fires_ha,0.3729215700718451,0.12429055214524587,-0.13061997076083498,-0.08041815697440016,1.0,-0.5259368219463302,0.334933407563577,0.5920126056692121
1500503,temp_urbana_c,-0.7127058377788459,-0.41425833803814854,0.4894661166442817,0.5272554064623343,-0.5259368219463302,1.0,-0.8716341685674118,-0.7736075922236988
1500503,pop,0.6976073986969795,0.5802532043326759,-0.5960411933904839,-0.2999464825141267,0.334933407563577,-0.8716341685674118,1.0,0.5887531187837256
1500503,df_km2,0.617128715526677,0.35556123584141414,-0.28861167301495044,-0.6426515830561732,0.5920126056692121,-0.7736075922236988,0.5887531187837256,1.0
1500602,kwh_total,1.0,0.5419561936656809,-0.45288406068465487,-0.2875608815893822,0.008728077965349752,0.23082889870523327,0.3172022252434678,0.09924851769261567
1500602,n_uc_total,0.5419561936656809,1.0,-0.9390860423146336,0.456333962467957,0.5186567315060167,-0.5026404787657666,0.930284089095873,0.5796512003600307
1500602,superficies_hidrica_ha,-0.45288406068465487,-0.9390860423146336,1.0,-0.6106467520481544,-0.47325424682777695,0.6818547040571202,-0.9094787874232627,-0.7034598287997481
1500602,urban_area_ha,-0.2875608815893822,0.456333962467957,-0.6106467520481544,1.0,0.28344547400308506,-0.9251579076582959,0.46829439589517863,0.3301980836077077
1500602,fires_ha,0.008728077965349752,0.5186567315060167,-0.47325424682777695,0.28344547400308506,1.0,-0.19075876844354236,0.6894348639281913,0.6774886490838146
1500602,temp_urbana_c,0.23082889870523327,-0.5026404787657666,0.6818547040571202,-0.9251579076582959,-0.19075876844354236,1.0,-0.5509343748685177,-0.44814732683942377
1500602,pop,0.3172022252434678,0.930284089095873,-0.9094787874232627,0.46829439589517863,0.6894348639281913,-0.5509343748685177,1.0,0.8042436736130302
1500602,df_km2,0.09924851769261567,0.5796512003600307,-0.7034598287997481,0.3301980836077077,0.6774886490838146,-0.44814732683942377,0.8042436736130302,1.0
1500701,kwh_total,1.0,0.2929402331942986,-0.30277957431896513,-0.008023406947642234,-0.01663441463930436,0.0030968678324866344,0.26581489100282696,0.4009311304313211
1500701,n_uc_total,0.2929402331942986,1.0,-0.8016066197942424,-0.25154313478011714,-0.22199583444560012,-0.24837278558346942,0.9655007286143665,0.5855497557824425
1500701,superficies_hidrica_ha,-0.30277957431896513,-0.8016066197942424,1.0,0.30678348977253816,0.2745379067536944,0.5411955450273249,-0.8457092080792005,-0.28892949397670437
1500701,urban_area_ha,-0.008023406947642234,-0.25154313478011714,0.30678348977253816,1.0,0.9979125010611223,0.5542748461847333,-0.4070089372707329,-0.20558123881566953
1500701,fires_ha,-0.01663441463930436,-0.22199583444560012,0.2745379067536944,0.9979125010611223,1.0,0.5064483286983926,-0.37539482437172983,-0.18000019815301363
1500701,temp_urbana_c,0.0030968678324866344,-0.24837278558346942,0.5411955450273249,0.5542748461847333,0.5064483286983926,1.0,-0.39884881990749455,-0.23392919928102315
1500701,pop,0.26581489100282696,0.9655007286143665,-0.8457092080792005,-0.4070089372707329,-0.37539482437172983,-0.39884881990749455,1.0,0.6539410593022189
1500701,df_km2,0.4009311304313211,0.5855497557824425,-0.28892949397670437,-0.20558123881566953,-0.18000019815301363,-0.23392919928102315,0.6539410593022189,1.0
1500800,kwh_total,1.0,0.7179009651008463,-0.5805538534629933,0.39798656980655067,-0.17331742800434896,0.5386989860338112,0.819861926364314,
1500800,n_uc_total,0.7179009651008463,1.0,-0.620843909776819,0.4513472821123274,-0.3943281649022446,0.5347693106573863,0.9146360674198223,
1500800,superficies_hidrica_ha,-0.5805538534629933,-0.620843909776819,1.0,0.19487808727750067,-0.27460057891892753,-0.07065733087368041,-0.7194149376717358,
1500800,urban_area_ha,0.39798656980655067,0.4513472821123274,0.19487808727750067,1.0,-0.9470476192459015,0.17937527800141667,0.4109853708748644,
1500800,fires_ha,-0.17331742800434896,-0.3943281649022446,-0.27460057891892753,-0.9470476192459015,1.0,-0.07955835906599829,-0.34915709645316895,
1500800,temp_urbana_c,0.5386989860338112,0.5347693106573863,-0.07065733087368041,0.17937527800141667,-0.07955835906599829,1.0,0.43966334909387295,
1500800,pop,0.819861926364314,0.9146360674198223,-0.7194149376717358,0.4109853708748644,-0.34915709645316895,0.43966334909387295,1.0,
1500800,df_km2,,,,,,,,
1500859,kwh_total,1.0,0.9803007365855481,-0.8248436440511795,0.8251997059528633,-0.6398466583046568,0.2786852332153014,0.9042132761721686,0.5414878515838533
1500859,n_uc_total,0.9803007365855481,1.0,-0.8558389884002724,0.8444303636884138,-0.6523783795373211,0.15993127524209863,0.9476366747131709,0.5706836275348839
1500859,superficies_hidrica_ha,-0.8248436440511795,-0.8558389884002724,1.0,-0.8227581122598435,0.7655303961156165,0.2242278715540371,-0.8723901944907502,-0.32884641876423754
1500859,urban_area_ha,0.8251997059528633,0.8444303636884138,-0.8227581122598435,1.0,-0.6352711359400881,0.22844878052654502,0.856080232215727,0.18418080640648243
1500859,fires_ha,-0.6398466583046568,-0.6523783795373211,0.7655303961156165,-0.6352711359400881,1.0,0.21550823456129956,-0.7243405208616581,-0.5409815367894929
1500859,temp_urbana_c,0.2786852332153014,0.15993127524209863,0.2242278715540371,0.22844878052654502,0.21550823456129956,1.0,0.03458487340961564,-0.023706471988981067
1500859,pop,0.9042132761721686,0.9476366747131709,-0.8723901944907502,0.856080232215727,-0.7243405208616581,0.03458487340961564,1.0,0.6158900770040053
1500859,df_km2,0.5414878515838533,0.5706836275348839,-0.32884641876423754,0.18418080640648243,-0.5409815367894929,-0.023706471988981067,0.6158900770040053,1.0
1500909,kwh_total,1.0,0.7014099783253467,-0.0019855494998051227,0.08923872636300874,-0.08684708453713721,-0.005677756633142096,0.5591042774072149,-0.5819350038810948
1500909,n_uc_total,0.7014099783253467,1.0,-0.2781761133831121,0.13019572175828908,-0.23681326850067666,-0.32645297980457044,0.9664763112743734,-0.42393514667420845
1500909,superficies_hidrica_ha,-0.0019855494998051227,-0.2781761133831121,1.0,-0.49419229751497507,0.6067475863128322,0.4319302964778083,-0.34488829301212814,0.6743566441770775
1500909,urban_area_ha,0.08923872636300874,0.13019572175828908,-0.49419229751497507,1.0,-0.9835570494084874,-0.15224627114195144,0.28829966374643645,-0.4431445371287698
1500909,fires_ha,-0.08684708453713721,-0.23681326850067666,0.6067475863128322,-0.9835570494084874,1.0,0.27096780840495993,-0.39635132391143374,0.4732764883974506
1500909,temp_urbana_c,-0.005677756633142096,-0.32645297980457044,0.4319302964778083,-0.15224627114195144,0.27096780840495993,1.0,-0.3216464496130594,0.07389704262957542
1500909,pop,0.5591042774072149,0.9664763112743734,-0.34488829301212814,0.28829966374643645,-0.39635132391143374,-0.3216464496130594,1.0,-0.4066397877645861
1500909,df_km2,-0.5819350038810948,-0.42393514667420845,0.6743566441770775,-0.4431445371287698,0.4732764883974506,0.07389704262957542,-0.4066397877645861,1.0
1500958,kwh_total,1.0,0.5226046027887855,-0.11304338249540317,0.14331283877083778,-0.4756578816063714,0.28653634843418646,0.32193096098391916,0.6654912520009105
1500958,n_uc_total,0.5226046027887855,1.0,0.6336835902220687,0.517993436336234,-0.8971928868646611,-0.0040557345437445885,0.946479633324427,0.6477626460919443
1500958,superficies_hidrica_ha,-0.11304338249540317,0.6336835902220687,1.0,0.5510893721624326,-0.6302105241911945,-0.3358055791847337,0.779844943637276,0.19084297704373976
1500958,urban_area_ha,0.14331283877083778,0.517993436336234,0.5510893721624326,1.0,-0.8081046239377614,-0.7203937938052795,0.4404538520402484,0.39889366924024805
1500958,fires_ha,-0.4756578816063714,-0.8971928868646611,-0.6302105241911945,-0.8081046239377614,1.0,0.3309131498980249,-0.8120708243105768,-0.5391794064370303
1500958,temp_urbana_c,0.28653634843418646,-0.0040557345437445885,-0.3358055791847337,-0.7203937938052795,0.3309131498980249,1.0,-0.08476280731533968,-0.01369545350398882
1500958,pop,0.32193096098391916,0.946479633324427,0.779844943637276,0.4404538520402484,-0.8120708243105768,-0.08476280731533968,1.0,0.5067151325266469
1500958,df_km2,0.6654912520009105,0.6477626460919443,0.19084297704373976,0.39889366924024805,-0.5391794064370303,-0.01369545350398882,0.5067151325266469,1.0
1501006,kwh_total,1.0,0.8403108133130449,-0.23227736831046317,-0.6518713060725067,-0.01941547724901384,-0.7405144716250105,0.8264402616179778,0.5389654955343395
1501006,n_uc_total,0.8403108133130449,1.0,0.02979027282308503,-0.39884670151973006,0.3462168775470783,-0.48294664792531433,0.8753504754955693,0.6879206206675481
1501006,superficies_hidrica_ha,-0.23227736831046317,0.02979027282308503,1.0,0.26999392508488745,0.0404683501635251,-0.14078903767907744,0.18503693413310623,0.5177769203175404
1501006,urban_area_ha,-0.6518713060725067,-0.39884670151973006,0.26999392508488745,1.0,0.3582794631594312,0.5278857429262435,-0.35044115437896595,-0.4493086068501861
1501006,fires_ha,-0.01941547724901384,0.3462168775470783,0.0404683501635251,0.3582794631594312,1.0,0.25991846582929035,0.05042155414745901,0.0908953850576957
1501006,temp_urbana_c,-0.7405144716250105,-0.48294664792531433,-0.14078903767907744,0.5278857429262435,0.25991846582929035,1.0,-0.7591156887616355,-0.38325153229434766
1501006,pop,0.8264402616179778,0.8753504754955693,0.18503693413310623,-0.35044115437896595,0.05042155414745901,-0.7591156887616355,1.0,0.5729706984706385
1501006,df_km2,0.5389654955343395,0.6879206206675481,0.5177769203175404,-0.4493086068501861,0.0908953850576957,-0.38325153229434766,0.5729706984706385,1.0
1501105,kwh_total,1.0,-0.7803811043981913,0.5585721197831408,0.009739800565616715,0.5534363297375342,0.8362634875871964,-0.7943587297413315,-0.7244896896619774
1501105,n_uc_total,-0.7803811043981913,1.0,-0.8790645767454363,-0.39248405143525655,-0.565421459107877,-0.47191541526853176,0.9913137787885666,0.8774579192007642
1501105,superficies_hidrica_ha,0.5585721197831408,-0.8790645767454363,1.0,0.31360281241502885,0.32726540599126064,0.222515545705732,-0.9025732595389255,-0.8057626699057133
1501105,urban_area_ha,0.009739800565616715,-0.39248405143525655,0.31360281241502885,1.0,0.17006221428976492,0.03922694482592735,-0.34197802751801504,-0.3002744804080838
1501105,fires_ha,0.5534363297375342,-0.565421459107877,0.32726540599126064,0.17006221428976492,1.0,0.6610808169304491,-0.5080169412080656,-0.30176336275388965
1501105,temp_urbana_c,0.8362634875871964,-0.47191541526853176,0.222515545705732,0.03922694482592735,0.6610808169304491,1.0,-0.48237339177127636,-0.30909258938269324
1501105,pop,-0.7943587297413315,0.9913137787885666,-0.9025732595389255,-0.34197802751801504,-0.5080169412080656,-0.48237339177127636,1.0,0.858897567252365
1501105,df_km2,-0.7244896896619774,0.8774579192007642,-0.8057626699057133,-0.3002744804080838,-0.30176336275388965,-0.30909258938269324,0.858897567252365,1.0
1501204,kwh_total,1.0,0.07993021487785314,-0.6436335226810754,0.10236899873235715,0.02742002937597842,-0.42911570437564234,-0.018041444514233913,0.5377498095401163
1501204,n_uc_total,0.07993021487785314,1.0,-0.5792227948769169,0.4274356191569226,-0.3797193424519399,0.028370336713967593,0.9836605967443873,0.7464566215354869
1501204,superficies_hidrica_ha,-0.6436335226810754,-0.5792227948769169,1.0,-0.7065165668909319,0.33426984482739935,0.40866336855529245,-0.5388582477050824,-0.6839387830441506
1501204,urban_area_ha,0.10236899873235715,0.4274356191569226,-0.7065165668909319,1.0,-0.20604762865251647,-0.3935294625165471,0.4405122434942015,0.37822151865202713
1501204,fires_ha,0.02742002937597842,-0.3797193424519399,0.33426984482739935,-0.20604762865251647,1.0,0.38476415053390883,-0.34092650137936664,-0.4420504079444582
1501204,temp_urbana_c,-0.42911570437564234,0.028370336713967593,0.40866336855529245,-0.3935294625165471,0.38476415053390883,1.0,0.17173272582265678,-0.5541816589551429
1501204,pop,-0.018041444514233913,0.9836605967443873,-0.5388582477050824,0.4405122434942015,-0.34092650137936664,0.17173272582265678,1.0,0.6224955552292293
1501204,df_km2,0.5377498095401163,0.7464566215354869,-0.6839387830441506,0.37822151865202713,-0.4420504079444582,-0.5541816589551429,0.6224955552292293,1.0
1501253,kwh_total,1.0,0.9764990457337729,0.4201322326605204,-0.5265429415288646,-0.11103713908045641,-0.768750662014285,0.009928581476508864,-0.610757858286606
1501253,n_uc_total,0.9764990457337729,1.0,0.34035680224459025,-0.5621392699385641,-0.07046809417021237,-0.720361088841245,-0.11992344624929269,-0.5907714454244468
1501253,superficies_hidrica_ha,0.4201322326605204,0.34035680224459025,1.0,-0.38812039827763156,-0.292572155796554,-0.5151206688730651,0.7385669912651628,-0.7304492900924291
1501253,urban_area_ha,-0.5265429415288646,-0.5621392699385641,-0.38812039827763156,1.0,0.05746096451964713,0.3319432689336751,0.012895417146209977,0.9025451017583832
1501253,fires_ha,-0.11103713908045641,-0.07046809417021237,-0.292572155796554,0.05746096451964713,1.0,0.039968002474373036,-0.703394153023311,0.09704500010114973
1501253,temp_urbana_c,-0.768750662014285,-0.720361088841245,-0.5151206688730651,0.3319432689336751,0.039968002474373036,1.0,-0.1733975822098863,0.5467623020914434
1501253,pop,0.009928581476508864,-0.11992344624929269,0.7385669912651628,0.012895417146209977,-0.703394153023311,-0.1733975822098863,1.0,-0.2868351556668512
1501253,df_km2,-0.610757858286606,-0.5907714454244468,-0.7304492900924291,0.9025451017583832,0.09704500010114973,0.5467623020914434,-0.2868351556668512,1.0
1501303,kwh_total,1.0,-0.22134735989924037,0.8472556083836998,0.21723435207906158,0.1168064541304601,0.47279353209456276,-0.43914014724421996,-0.20704385619683904
1501303,n_uc_total,-0.22134735989924037,1.0,-0.5476831019707011,-0.4543606070063115,-0.9013094245177933,0.2356833053527963,0.9520537653963179,0.35051373949530557
1501303,superficies_hidrica_ha,0.8472556083836998,-0.5476831019707011,1.0,0.13238234947109911,0.48531309426499925,0.38566384417549693,-0.743032012072686,-0.29716730123512675
1501303,urban_area_ha,0.21723435207906158,-0.4543606070063115,0.13238234947109911,1.0,0.3138006031141568,-0.15127525281535203,-0.39973950278539966,-0.3558677037121525
1501303,fires_ha,0.1168064541304601,-0.9013094245177933,0.48531309426499925,0.3138006031141568,1.0,0.07689201377271865,-0.8799883691154118,0.03225653574594315
1501303,temp_urbana_c,0.47279353209456276,0.2356833053527963,0.38566384417549693,-0.15127525281535203,0.07689201377271865,1.0,0.037622233568698836,0.644577735447886
1501303,pop,-0.43914014724421996,0.9520537653963179,-0.743032012072686,-0.39973950278539966,-0.8799883691154118,0.037622233568698836,1.0,0.35770885797297597
1501303,df_km2,-0.20704385619683904,0.35051373949530557,-0.29716730123512675,-0.3558677037121525,0.03225653574594315,0.644577735447886,0.35770885797297597,1.0
1501402,kwh_total,1.0,-0.6904668844112002,0.6114023604102572,-0.40963523015216996,0.4467556204028041,0.5856456603857239,-0.8770608634444648,-0.8266690706182366
1501402,n_uc_total,-0.6904668844112002,1.0,-0.8091085125777907,0.43528680576146217,-0.4597519907743065,0.029686096749043368,0.8857905648909025,0.6189945638900699
1501402,superficies_hidrica_ha,0.6114023604102572,-0.8091085125777907,1.0,-0.25634542848608227,0.3363273045681301,0.02284171154502382,-0.8909845247915199,-0.340996829543175
1501402,urban_area_ha,-0.40963523015216996,0.43528680576146217,-0.25634542848608227,1.0,-0.9903557877516156,-0.33870117660528554,0.3979434860141589,0.16233017911237604
1501402,fires_ha,0.4467556204028041,-0.4597519907743065,0.3363273045681301,-0.9903557877516156,1.0,0.3998288034410821,-0.4460495809046015,-0.19013331464282948
1501402,temp_urbana_c,0.5856456603857239,0.029686096749043368,0.02284171154502382,-0.33870117660528554,0.3998288034410821,1.0,-0.23040692622518033,-0.5357502289822655
1501402,pop,-0.8770608634444648,0.8857905648909025,-0.8909845247915199,0.3979434860141589,-0.4460495809046015,-0.23040692622518033,1.0,0.6274747220441911
1501402,df_km2,-0.8266690706182366,0.6189945638900699,-0.340996829543175,0.16233017911237604,-0.19013331464282948,-0.5357502289822655,0.6274747220441911,1.0
1501451,kwh_total,1.0,0.9615546929213128,-0.40719892425452825,-0.43282467067562846,-0.061334775373516975,0.00364996995890683,0.8950821908921253,-0.07007867017278709
1501451,n_uc_total,0.9615546929213128,1.0,-0.35301860203021473,-0.42423322370112004,-0.10413171593642528,-0.08438549081770844,0.9311972123381058,-0.12437612409066852
1501451,superficies_hidrica_ha,-0.40719892425452825,-0.35301860203021473,1.0,0.8083956011841984,-0.12278041293355582,-0.0647117038747551,-0.4143234760975001,0.716415544331921
1501451,urban_area_ha,-0.43282467067562846,-0.42423322370112004,0.8083956011841984,1.0,-0.2761121025587802,-0.30803726657557146,-0.39326855543914946,0.895398884295112
1501451,fires_ha,-0.061334775373516975,-0.10413171593642528,-0.12278041293355582,-0.2761121025587802,1.0,-0.4130490649443948,0.16578680334678633,-0.1807694104063279
1501451,temp_urbana_c,0.00364996995890683,-0.08438549081770844,-0.0647117038747551,-0.30803726657557146,-0.4130490649443948,1.0,-0.3941687735600176,-0.34922620297064705
1501451,pop,0.8950821908921253,0.9311972123381058,-0.4143234760975001,-0.39326855543914946,0.16578680334678633,-0.3941687735600176,1.0,-0.08861314437640626
1501451,df_km2,-0.07007867017278709,-0.12437612409066852,0.716415544331921,0.895398884295112,-0.1807694104063279,-0.34922620297064705,-0.08861314437640626,1.0
1501501,kwh_total,1.0,0.3040086175702416,0.2615933673396928,-0.12353345574405876,0.27101903412855977,0.5732070171230973,-0.0256561025773732,0.6227244179616339
1501501,n_uc_total,0.3040086175702416,1.0,0.20866637886522132,0.5094797757071902,-0.4844746982236118,0.30253695552157905,0.8646914338491476,0.7229667997423579
1501501,superficies_hidrica_ha,0.2615933673396928,0.20866637886522132,1.0,0.7476616959993564,-0.6737017333392558,0.1403809765186958,-0.06674754627940148,0.16964209588018653
1501501,urban_area_ha,-0.12353345574405876,0.5094797757071902,0.7476616959993564,1.0,-0.9540066697969393,-0.06489592925311007,0.419828885583357,0.19067696776639864
1501501,fires_ha,0.27101903412855977,-0.4844746982236118,-0.6737017333392558,-0.9540066697969393,1.0,0.2130217583117726,-0.36354520730362216,-0.017401723357900738
1501501,temp_urbana_c,0.5732070171230973,0.30253695552157905,0.1403809765186958,-0.06489592925311007,0.2130217583117726,1.0,0.1884193785452668,0.3844427228512017
1501501,pop,-0.0256561025773732,0.8646914338491476,-0.06674754627940148,0.419828885583357,-0.36354520730362216,0.1884193785452668,1.0,0.6754201814422651
1501501,df_km2,0.6227244179616339,0.7229667997423579,0.16964209588018653,0.19067696776639864,-0.017401723357900738,0.3844427228512017,0.6754201814422651,1.0
1501576,kwh_total,1.0,0.7643492577929494,-0.9199515865291674,0.40534714213964973,-0.24620917818972568,0.7999319416383351,0.6455310361164908,0.14419943587402012
1501576,n_uc_total,0.7643492577929494,1.0,-0.7766380207496059,0.6163845780274951,-0.3406556055094676,0.6601992114712516,0.9777977030019616,0.5858228672976475
1501576,superficies_hidrica_ha,-0.9199515865291674,-0.7766380207496059,1.0,-0.48711611896752777,0.2441205952289503,-0.6967836749474476,-0.710066111029934,-0.3527286084038211
1501576,urban_area_ha,0.40534714213964973,0.6163845780274951,-0.48711611896752777,1.0,-0.8554661162637204,0.4569177890457313,0.547916295697608,0.37818101703310475
1501576,fires_ha,-0.24620917818972568,-0.3406556055094676,0.2441205952289503,-0.8554661162637204,1.0,-0.24953652151378655,-0.24770320938374984,0.11624533730433444
1501576,temp_urbana_c,0.7999319416383351,0.6601992114712516,-0.6967836749474476,0.4569177890457313,-0.24953652151378655,1.0,0.5417874286579984,0.21564866061666244
1501576,pop,0.6455310361164908,0.9777977030019616,-0.710066111029934,0.547916295697608,-0.24770320938374984,0.5417874286579984,1.0,0.681410153214449
1501576,df_km2,0.14419943587402012,0.5858228672976475,-0.3527286084038211,0.37818101703310475,0.11624533730433444,0.21564866061666244,0.681410153214449,1.0
1501600,kwh_total,1.0,0.9249457514212193,-0.7522606883851259,-0.2949530713545328,-0.8343126137708194,-0.08323173015187678,0.8187572347654402,-0.2624996572485284
1501600,n_uc_total,0.9249457514212193,1.0,-0.8719742054967922,-0.5656712104959613,-0.929944313102694,-0.288587887146919,0.9158866933483781,-0.39637945914861117
1501600,superficies_hidrica_ha,-0.7522606883851259,-0.8719742054967922,1.0,0.39748493634616855,0.8928701681126318,0.3478013130106023,-0.9869704216546009,0.48105602278418724
1501600,urban_area_ha,-0.2949530713545328,-0.5656712104959613,0.39748493634616855,1.0,0.6313885378334592,0.6190466304344407,-0.40342272378951555,0.5157552280212909
1501600,fires_ha,-0.8343126137708194,-0.929944313102694,0.8928701681126318,0.6313885378334592,1.0,0.5309019265075077,-0.9188689892995483,0.6453598442805434
1501600,temp_urbana_c,-0.08323173015187678,-0.288587887146919,0.3478013130106023,0.6190466304344407,0.5309019265075077,1.0,-0.3792041105144455,0.943742500415401
1501600,pop,0.8187572347654402,0.9158866933483781,-0.9869704216546009,-0.40342272378951555,-0.9188689892995483,-0.3792041105144455,1.0,-0.5129088356854273
1501600,df_km2,-0.2624996572485284,-0.39637945914861117,0.48105602278418724,0.5157552280212909,0.6453598442805434,0.943742500415401,-0.5129088356854273,1.0
1501709,kwh_total,1.0,0.5410799828793401,-0.2715655148200713,0.4607879540539322,-0.19799270087071447,0.44235366147007504,0.4844669906925519,-0.2485352169637738
1501709,n_uc_total,0.5410799828793401,1.0,-0.5633549495809793,0.32670072718613735,-0.2599062721330209,-0.236793640839778,0.9776668205975314,0.2617556620067862
1501709,superficies_hidrica_ha,-0.2715655148200713,-0.5633549495809793,1.0,-0.4954078331448887,0.5202296075913928,0.5052741015475497,-0.6103788072927576,0.17823425678762883
1501709,urban_area_ha,0.4607879540539322,0.32670072718613735,-0.4954078331448887,1.0,-0.5089496299692765,-0.40697419192548695,0.4378344981274608,-0.271435878979741
1501709,fires_ha,-0.19799270087071447,-0.2599062721330209,0.5202296075913928,-0.5089496299692765,1.0,0.514412983410025,-0.3800423191478922,0.7430606830070512
1501709,temp_urbana_c,0.44235366147007504,-0.236793640839778,0.5052741015475497,-0.40697419192548695,0.514412983410025,1.0,-0.3670667059819651,-0.009315260628781739
1501709,pop,0.4844669906925519,0.9776668205975314,-0.6103788072927576,0.4378344981274608,-0.3800423191478922,-0.3670667059819651,1.0,0.20826691468804961
1501709,df_km2,-0.2485352169637738,0.2617556620067862,0.17823425678762883,-0.271435878979741,0.7430606830070512,-0.009315260628781739,0.20826691468804961,1.0
1501725,kwh_total,1.0,0.9683793036430817,-0.988434136669284,0.34083219952379146,-0.5257184536272191,-0.36604634569092626,-0.21393353752023833,0.7567140232666982
1501725,n_uc_total,0.9683793036430817,1.0,-0.971244102714627,0.4080043184030854,-0.6113775089056656,-0.4884998382479361,-0.04853936686282441,0.8093258753670897
1501725,superficies_hidrica_ha,-0.988434136669284,-0.971244102714627,1.0,-0.38211869098521534,0.5922359430449997,0.44140625018348406,0.08918177437875371,-0.7040375831817448
1501725,urban_area_ha,0.34083219952379146,0.4080043184030854,-0.38211869098521534,1.0,-0.8887492015707951,-0.7996970061036484,0.008615967788421965,0.37120294719749386
1501725,fires_ha,-0.5257184536272191,-0.6113775089056656,0.5922359430449997,-0.8887492015707951,1.0,0.7487730669653142,-0.13682637506935827,-0.35579100181328244
1501725,temp_urbana_c,-0.36604634569092626,-0.4884998382479361,0.44140625018348406,-0.7996970061036484,0.7487730669653142,1.0,-0.47776230929154206,-0.5062273376165805
1501725,pop,-0.21393353752023833,-0.04853936686282441,0.08918177437875371,0.008615967788421965,-0.13682637506935827,-0.47776230929154206,1.0,-0.15548669817831678
1501725,df_km2,0.7567140232666982,0.8093258753670897,-0.7040375831817448,0.37120294719749386,-0.35579100181328244,-0.5062273376165805,-0.15548669817831678,1.0
1501758,kwh_total,1.0,0.9594435960882176,-0.7501092666944069,-0.44906101994906994,-0.6966439105726928,-0.10991689647271169,0.5572299067287785,-0.5420032148277188
1501758,n_uc_total,0.9594435960882176,1.0,-0.5792281303401294,-0.44811552826813195,-0.6863565529744129,-0.30080062475796054,0.6963727213450029,-0.6442084274174285
1501758,superficies_hidrica_ha,-0.7501092666944069,-0.5792281303401294,1.0,0.44784598627458283,0.5062944575924982,-0.2131008199092169,0.030981641367957054,0.08431626380296979
1501758,urban_area_ha,-0.44906101994906994,-0.44811552826813195,0.44784598627458283,1.0,0.8795799871551723,0.6427890850929734,-0.27424829359430924,-0.3358137723901261
1501758,fires_ha,-0.6966439105726928,-0.6863565529744129,0.5062944575924982,0.8795799871551723,1.0,0.6231313681776056,-0.5390823214087122,-0.02996304517606658
1501758,temp_urbana_c,-0.10991689647271169,-0.30080062475796054,-0.2131008199092169,0.6427890850929734,0.6231313681776056,1.0,-0.5518952610604692,-0.05974288086304043
1501758,pop,0.5572299067287785,0.6963727213450029,0.030981641367957054,-0.27424829359430924,-0.5390823214087122,-0.5518952610604692,1.0,-0.6502555459670412
1501758,df_km2,-0.5420032148277188,-0.6442084274174285,0.08431626380296979,-0.3358137723901261,-0.02996304517606658,-0.05974288086304043,-0.6502555459670412,1.0
1501782,kwh_total,1.0,0.6326954503599787,-0.9066073368549393,0.35004525543286946,-0.06066850181044894,-0.33974034432266564,0.35337515207373726,-0.17075991203138796
1501782,n_uc_total,0.6326954503599787,1.0,-0.3318791735595882,0.891419589474817,-0.332264323832836,-0.39345337837674405,0.9040225389230754,-0.10495700667765565
1501782,superficies_hidrica_ha,-0.9066073368549393,-0.3318791735595882,1.0,-0.05487776958950451,-0.05156609540751063,0.18343410525841247,-0.11134218946999765,0.004662873074842519
1501782,urban_area_ha,0.35004525543286946,0.891419589474817,-0.05487776958950451,1.0,-0.5629284405793632,-0.40915526957652115,0.9100926669068627,-0.29583645949676957
1501782,fires_ha,-0.06066850181044894,-0.332264323832836,-0.05156609540751063,-0.5629284405793632,1.0,0.8143839435472328,-0.3224195825734321,0.6770319287317468
1501782,temp_urbana_c,-0.33974034432266564,-0.39345337837674405,0.18343410525841247,-0.40915526957652115,0.8143839435472328,1.0,-0.14920636216217645,0.710514539006672
1501782,pop,0.35337515207373726,0.9040225389230754,-0.11134218946999765,0.9100926669068627,-0.3224195825734321,-0.14920636216217645,1.0,0.1036490828563558
1501782,df_km2,-0.17075991203138796,-0.10495700667765565,0.004662873074842519,-0.29583645949676957,0.6770319287317468,0.710514539006672,0.1036490828563558,1.0
1501808,kwh_total,1.0,0.296461194245033,0.2802143697471685,-0.5564146022042132,0.10749045179975499,-0.031474307385069095,-0.2971182011441217,-0.48667845158753475
1501808,n_uc_total,0.296461194245033,1.0,-0.6709191777848736,0.20658971587357813,-0.2434185348586199,-0.7253440645399062,0.7750047235865299,0.25797465930422186
1501808,superficies_hidrica_ha,0.2802143697471685,-0.6709191777848736,1.0,-0.5668936305501853,0.589244391738526,0.5728936895421975,-0.9223321659807294,-0.3510019986784969
1501808,urban_area_ha,-0.5564146022042132,0.20658971587357813,-0.5668936305501853,1.0,-0.7760909702980378,-0.7309470197431903,0.41779482917777383,0.22640853930127777
1501808,fires_ha,0.10749045179975499,-0.2434185348586199,0.589244391738526,-0.7760909702980378,1.0,0.6248880971287447,-0.2865214090627578,-0.022710391695126304
1501808,temp_urbana_c,-0.031474307385069095,-0.7253440645399062,0.5728936895421975,-0.7309470197431903,0.6248880971287447,1.0,-0.5379339639413476,-0.06595618808106307
1501808,pop,-0.2971182011441217,0.7750047235865299,-0.9223321659807294,0.41779482917777383,-0.2865214090627578,-0.5379339639413476,1.0,0.4963621364428666
1501808,df_km2,-0.48667845158753475,0.25797465930422186,-0.3510019986784969,0.22640853930127777,-0.022710391695126304,-0.06595618808106307,0.4963621364428666,1.0
1501907,kwh_total,1.0,0.0021308874184516246,-0.09429399773835434,0.21984697606421222,-0.10829414602183916,0.548026168128938,-0.1358030157145244,0.40089238827641455
1501907,n_uc_total,0.0021308874184516246,1.0,-0.9241733605440574,0.25874567779923785,-0.5944483797184378,-0.0934607147435296,0.9370546049421978,0.07854243304629352
1501907,superficies_hidrica_ha,-0.09429399773835434,-0.9241733605440574,1.0,-0.38613367615506783,0.7201154292028429,-0.02450969004692979,-0.9293348072116914,-0.19420769794787324
1501907,urban_area_ha,0.21984697606421222,0.25874567779923785,-0.38613367615506783,1.0,-0.9077762307650648,-0.21622239688699377,0.41530810260204226,0.07450452829123277
1501907,fires_ha,-0.10829414602183916,-0.5944483797184378,0.7201154292028429,-0.9077762307650648,1.0,0.22855340180742273,-0.7199598155261182,-0.1474275865349327
1501907,temp_urbana_c,0.548026168128938,-0.0934607147435296,-0.02450969004692979,-0.21622239688699377,0.22855340180742273,1.0,-0.07481778817103182,0.5342456238907164
1501907,pop,-0.1358030157145244,0.9370546049421978,-0.9293348072116914,0.41530810260204226,-0.7199598155261182,-0.07481778817103182,1.0,0.025187863868060892
1501907,df_km2,0.40089238827641455,0.07854243304629352,-0.19420769794787324,0.07450452829123277,-0.1474275865349327,0.5342456238907164,0.025187863868060892,1.0
1502004,kwh_total,1.0,0.9628220668455172,0.3389510548729264,0.4258626877759511,-0.23648246163206232,-0.7793074754231047,0.9711087891528875,0.01974626253337781
1502004,n_uc_total,0.9628220668455172,1.0,0.14990971608613685,0.5194826484012555,-0.28194450697880247,-0.6600385079699269,0.9730179307442418,0.12460534325281912
1502004,superficies_hidrica_ha,0.3389510548729264,0.14990971608613685,1.0,0.36269473396902985,-0.11817598380063775,-0.5437074872815986,0.24152918762168998,-0.06546963735541866
1502004,urban_area_ha,0.4258626877759511,0.5194826484012555,0.36269473396902985,1.0,-0.15968366520568716,-0.24177669622958267,0.403539238444414,0.23307314159123838
1502004,fires_ha,-0.23648246163206232,-0.28194450697880247,-0.11817598380063775,-0.15968366520568716,1.0,0.44380668609861934,-0.3309510892018389,-0.8898729862118948
1502004,temp_urbana_c,-0.7793074754231047,-0.6600385079699269,-0.5437074872815986,-0.24177669622958267,0.44380668609861934,1.0,-0.715967647722351,-0.31854689971149786
1502004,pop,0.9711087891528875,0.9730179307442418,0.24152918762168998,0.403539238444414,-0.3309510892018389,-0.715967647722351,1.0,0.11922665561364232
1502004,df_km2,0.01974626253337781,0.12460534325281912,-0.06546963735541866,0.23307314159123838,-0.8898729862118948,-0.31854689971149786,0.11922665561364232,1.0
1501956,kwh_total,1.0,0.26270831400066574,-0.18888022812451905,-0.1800932689718615,0.48297299149709927,0.627635377916417,0.16346971534687993,-0.12876403461318464
1501956,n_uc_total,0.26270831400066574,1.0,0.7005311377374028,-0.2441793135609992,-0.19247165632887187,0.46533507516074857,0.9722054673423169,0.8066886988698293
1501956,superficies_hidrica_ha,-0.18888022812451905,0.7005311377374028,1.0,-0.35959162092478136,-0.30249743991638706,0.40854901990028536,0.8117888766605281,0.8671210204138877
1501956,urban_area_ha,-0.1800932689718615,-0.2441793135609992,-0.35959162092478136,1.0,0.6257601464808283,0.0992150723343608,-0.394230171579604,-0.2843049380608876
1501956,fires_ha,0.48297299149709927,-0.19247165632887187,-0.30249743991638706,0.6257601464808283,1.0,0.6574721678041726,-0.3030786378920516,-0.2607082076118596
1501956,temp_urbana_c,0.627635377916417,0.46533507516074857,0.40854901990028536,0.0992150723343608,0.6574721678041726,1.0,0.41650220593102427,0.3405714535659186
